[{
  "_id": {
    "$oid": "68443aa8ccf2e5dce2fb9734"
  },
  "type": "analysis-result",
  "filenames": [
    "50421503 (1).docx",
    "50421503 (2).docx"
  ],
  "tfidf": [
    [
      1.0000000000000002,
      0.9100559503779486
    ],
    [
      0.9100559503779486,
      1.0000000000000004
    ]
  ],
  "bert": [
    [
      0.9999998807907104,
      0.9844165444374084
    ],
    [
      0.9844165444374084,
      1.000000238418579
    ]
  ],
  "ngram": [
    [
      1.0000000000000022,
      0.6910569105691062
    ],
    [
      0.6910569105691062,
      1.0000000000000022
    ]
  ],
  "plagiat": [
    [
      0,
      1,
      0.8886,
      "Ya"
    ]
  ],
  "created_at": {
    "$date": "2025-06-07T13:12:08.023Z"
  }
},
{
  "_id": {
    "$oid": "68443aafccf2e5dce2fb9737"
  },
  "type": "analysis-result",
  "filenames": [
    "50421503 (1).docx",
    "50421503 (2).docx",
    "50421503 (1).docx",
    "50421503 (2).docx"
  ],
  "tfidf": [
    [
      1.0000000000000004,
      0.8988643356867487,
      1.0000000000000004,
      0.8988643356867487
    ],
    [
      0.8988643356867487,
      1,
      0.8988643356867487,
      1
    ],
    [
      1.0000000000000004,
      0.8988643356867487,
      1.0000000000000004,
      0.8988643356867487
    ],
    [
      0.8988643356867487,
      1,
      0.8988643356867487,
      1
    ]
  ],
  "bert": [
    [
      0.9999998807907104,
      0.9844165444374084,
      0.9999998807907104,
      0.9844165444374084
    ],
    [
      0.9844165444374084,
      1.000000238418579,
      0.9844165444374084,
      1.000000238418579
    ],
    [
      0.9999998807907104,
      0.9844165444374084,
      0.9999998807907104,
      0.9844165444374084
    ],
    [
      0.9844165444374084,
      1.000000238418579,
      0.9844165444374084,
      1.000000238418579
    ]
  ],
  "ngram": [
    [
      1.0000000000000022,
      0.6910569105691062,
      1.0000000000000022,
      0.6910569105691062
    ],
    [
      0.6910569105691062,
      1.0000000000000022,
      0.6910569105691062,
      1.0000000000000022
    ],
    [
      1.0000000000000022,
      0.6910569105691062,
      1.0000000000000022,
      0.6910569105691062
    ],
    [
      0.6910569105691062,
      1.0000000000000022,
      0.6910569105691062,
      1.0000000000000022
    ]
  ],
  "plagiat": [
    [
      0,
      1,
      0.883,
      "Ya"
    ],
    [
      0,
      2,
      1,
      "Ya"
    ],
    [
      0,
      3,
      0.883,
      "Ya"
    ],
    [
      1,
      2,
      0.883,
      "Ya"
    ],
    [
      1,
      3,
      1,
      "Ya"
    ],
    [
      2,
      3,
      0.883,
      "Ya"
    ]
  ],
  "created_at": {
    "$date": "2025-06-07T13:12:15.968Z"
  }
},
{
  "_id": {
    "$oid": "68443cdff2716d21085c872a"
  },
  "type": "analysis-result",
  "filenames": [
    "50421503 (1).docx",
    "50421503 (2).docx",
    "50421503 (1).docx",
    "50421503 (2).docx",
    "50421503 (1).docx",
    "50421503 (2).docx"
  ],
  "tfidf": [
    [
      0.9999999999999999,
      0.8935113263147839,
      0.9999999999999999,
      0.8935113263147839,
      0.9999999999999999,
      0.8935113263147839
    ],
    [
      0.8935113263147839,
      1.0000000000000002,
      0.8935113263147839,
      1.0000000000000002,
      0.8935113263147839,
      1.0000000000000002
    ],
    [
      0.9999999999999999,
      0.8935113263147839,
      0.9999999999999999,
      0.8935113263147839,
      0.9999999999999999,
      0.8935113263147839
    ],
    [
      0.8935113263147839,
      1.0000000000000002,
      0.8935113263147839,
      1.0000000000000002,
      0.8935113263147839,
      1.0000000000000002
    ],
    [
      0.9999999999999999,
      0.8935113263147839,
      0.9999999999999999,
      0.8935113263147839,
      0.9999999999999999,
      0.8935113263147839
    ],
    [
      0.8935113263147839,
      1.0000000000000002,
      0.8935113263147839,
      1.0000000000000002,
      0.8935113263147839,
      1.0000000000000002
    ]
  ],
  "bert": [
    [
      0.9999998807907104,
      0.9844165444374084,
      0.9999998807907104,
      0.9844165444374084,
      0.9999998807907104,
      0.9844165444374084
    ],
    [
      0.9844165444374084,
      1.000000238418579,
      0.9844165444374084,
      1.000000238418579,
      0.9844165444374084,
      1.000000238418579
    ],
    [
      0.9999998807907104,
      0.9844165444374084,
      0.9999998807907104,
      0.9844165444374084,
      0.9999998807907104,
      0.9844165444374084
    ],
    [
      0.9844165444374084,
      1.000000238418579,
      0.9844165444374084,
      1.000000238418579,
      0.9844165444374084,
      1.000000238418579
    ],
    [
      0.9999998807907104,
      0.9844165444374084,
      0.9999998807907104,
      0.9844165444374084,
      0.9999998807907104,
      0.9844165444374084
    ],
    [
      0.9844165444374084,
      1.000000238418579,
      0.9844165444374084,
      1.000000238418579,
      0.9844165444374084,
      1.000000238418579
    ]
  ],
  "ngram": [
    [
      1.0000000000000022,
      0.6910569105691062,
      1.0000000000000022,
      0.6910569105691062,
      1.0000000000000022,
      0.6910569105691062
    ],
    [
      0.6910569105691062,
      1.0000000000000022,
      0.6910569105691062,
      1.0000000000000022,
      0.6910569105691062,
      1.0000000000000022
    ],
    [
      1.0000000000000022,
      0.6910569105691062,
      1.0000000000000022,
      0.6910569105691062,
      1.0000000000000022,
      0.6910569105691062
    ],
    [
      0.6910569105691062,
      1.0000000000000022,
      0.6910569105691062,
      1.0000000000000022,
      0.6910569105691062,
      1.0000000000000022
    ],
    [
      1.0000000000000022,
      0.6910569105691062,
      1.0000000000000022,
      0.6910569105691062,
      1.0000000000000022,
      0.6910569105691062
    ],
    [
      0.6910569105691062,
      1.0000000000000022,
      0.6910569105691062,
      1.0000000000000022,
      0.6910569105691062,
      1.0000000000000022
    ]
  ],
  "plagiat": [
    [
      0,
      1,
      0.8803,
      "Ya"
    ],
    [
      0,
      2,
      1,
      "Ya"
    ],
    [
      0,
      3,
      0.8803,
      "Ya"
    ],
    [
      0,
      4,
      1,
      "Ya"
    ],
    [
      0,
      5,
      0.8803,
      "Ya"
    ],
    [
      1,
      2,
      0.8803,
      "Ya"
    ],
    [
      1,
      3,
      1,
      "Ya"
    ],
    [
      1,
      4,
      0.8803,
      "Ya"
    ],
    [
      1,
      5,
      1,
      "Ya"
    ],
    [
      2,
      3,
      0.8803,
      "Ya"
    ],
    [
      2,
      4,
      1,
      "Ya"
    ],
    [
      2,
      5,
      0.8803,
      "Ya"
    ],
    [
      3,
      4,
      0.8803,
      "Ya"
    ],
    [
      3,
      5,
      1,
      "Ya"
    ],
    [
      4,
      5,
      0.8803,
      "Ya"
    ]
  ],
  "created_at": {
    "$date": "2025-06-07T13:21:35.268Z"
  }
},
{
  "_id": {
    "$oid": "68450e28abd9fe407b6016a5"
  },
  "type": "analysis-result",
  "filenames": [
    "50421503 (1).docx",
    "50421503 (2).docx",
    "50421503 (1).docx",
    "50421503 (2).docx",
    "50421503 (1).docx",
    "50421503 (2).docx",
    "50421503 (1).docx",
    "50421503 (2).docx"
  ],
  "tfidf": [
    [
      0.9999999999999997,
      0.8903743106094044,
      0.9999999999999997,
      0.8903743106094044,
      0.9999999999999997,
      0.8903743106094044,
      0.9999999999999997,
      0.8903743106094044
    ],
    [
      0.8903743106094044,
      1.0000000000000007,
      0.8903743106094044,
      1.0000000000000007,
      0.8903743106094044,
      1.0000000000000007,
      0.8903743106094044,
      1.0000000000000007
    ],
    [
      0.9999999999999997,
      0.8903743106094044,
      0.9999999999999997,
      0.8903743106094044,
      0.9999999999999997,
      0.8903743106094044,
      0.9999999999999997,
      0.8903743106094044
    ],
    [
      0.8903743106094044,
      1.0000000000000007,
      0.8903743106094044,
      1.0000000000000007,
      0.8903743106094044,
      1.0000000000000007,
      0.8903743106094044,
      1.0000000000000007
    ],
    [
      0.9999999999999997,
      0.8903743106094044,
      0.9999999999999997,
      0.8903743106094044,
      0.9999999999999997,
      0.8903743106094044,
      0.9999999999999997,
      0.8903743106094044
    ],
    [
      0.8903743106094044,
      1.0000000000000007,
      0.8903743106094044,
      1.0000000000000007,
      0.8903743106094044,
      1.0000000000000007,
      0.8903743106094044,
      1.0000000000000007
    ],
    [
      0.9999999999999997,
      0.8903743106094044,
      0.9999999999999997,
      0.8903743106094044,
      0.9999999999999997,
      0.8903743106094044,
      0.9999999999999997,
      0.8903743106094044
    ],
    [
      0.8903743106094044,
      1.0000000000000007,
      0.8903743106094044,
      1.0000000000000007,
      0.8903743106094044,
      1.0000000000000007,
      0.8903743106094044,
      1.0000000000000007
    ]
  ],
  "bert": [
    [
      0.9999998807907104,
      0.9844165444374084,
      0.9999998807907104,
      0.9844165444374084,
      0.9999998807907104,
      0.9844165444374084,
      0.9999998807907104,
      0.9844165444374084
    ],
    [
      0.9844165444374084,
      1.000000238418579,
      0.9844165444374084,
      1.000000238418579,
      0.9844165444374084,
      1.000000238418579,
      0.9844165444374084,
      1.000000238418579
    ],
    [
      0.9999998807907104,
      0.9844165444374084,
      0.9999998807907104,
      0.9844165444374084,
      0.9999998807907104,
      0.9844165444374084,
      0.9999998807907104,
      0.9844165444374084
    ],
    [
      0.9844165444374084,
      1.000000238418579,
      0.9844165444374084,
      1.000000238418579,
      0.9844165444374084,
      1.000000238418579,
      0.9844165444374084,
      1.000000238418579
    ],
    [
      0.9999998807907104,
      0.9844165444374084,
      0.9999998807907104,
      0.9844165444374084,
      0.9999998807907104,
      0.9844165444374084,
      0.9999998807907104,
      0.9844165444374084
    ],
    [
      0.9844165444374084,
      1.000000238418579,
      0.9844165444374084,
      1.000000238418579,
      0.9844165444374084,
      1.000000238418579,
      0.9844165444374084,
      1.000000238418579
    ],
    [
      0.9999998807907104,
      0.9844165444374084,
      0.9999998807907104,
      0.9844165444374084,
      0.9999998807907104,
      0.9844165444374084,
      0.9999998807907104,
      0.9844165444374084
    ],
    [
      0.9844165444374084,
      1.000000238418579,
      0.9844165444374084,
      1.000000238418579,
      0.9844165444374084,
      1.000000238418579,
      0.9844165444374084,
      1.000000238418579
    ]
  ],
  "ngram": [
    [
      1.0000000000000022,
      0.6910569105691062,
      1.0000000000000022,
      0.6910569105691062,
      1.0000000000000022,
      0.6910569105691062,
      1.0000000000000022,
      0.6910569105691062
    ],
    [
      0.6910569105691062,
      1.0000000000000022,
      0.6910569105691062,
      1.0000000000000022,
      0.6910569105691062,
      1.0000000000000022,
      0.6910569105691062,
      1.0000000000000022
    ],
    [
      1.0000000000000022,
      0.6910569105691062,
      1.0000000000000022,
      0.6910569105691062,
      1.0000000000000022,
      0.6910569105691062,
      1.0000000000000022,
      0.6910569105691062
    ],
    [
      0.6910569105691062,
      1.0000000000000022,
      0.6910569105691062,
      1.0000000000000022,
      0.6910569105691062,
      1.0000000000000022,
      0.6910569105691062,
      1.0000000000000022
    ],
    [
      1.0000000000000022,
      0.6910569105691062,
      1.0000000000000022,
      0.6910569105691062,
      1.0000000000000022,
      0.6910569105691062,
      1.0000000000000022,
      0.6910569105691062
    ],
    [
      0.6910569105691062,
      1.0000000000000022,
      0.6910569105691062,
      1.0000000000000022,
      0.6910569105691062,
      1.0000000000000022,
      0.6910569105691062,
      1.0000000000000022
    ],
    [
      1.0000000000000022,
      0.6910569105691062,
      1.0000000000000022,
      0.6910569105691062,
      1.0000000000000022,
      0.6910569105691062,
      1.0000000000000022,
      0.6910569105691062
    ],
    [
      0.6910569105691062,
      1.0000000000000022,
      0.6910569105691062,
      1.0000000000000022,
      0.6910569105691062,
      1.0000000000000022,
      0.6910569105691062,
      1.0000000000000022
    ]
  ],
  "plagiat": [
    [
      0,
      1,
      0.8787,
      "Ya"
    ],
    [
      0,
      2,
      1,
      "Ya"
    ],
    [
      0,
      3,
      0.8787,
      "Ya"
    ],
    [
      0,
      4,
      1,
      "Ya"
    ],
    [
      0,
      5,
      0.8787,
      "Ya"
    ],
    [
      0,
      6,
      1,
      "Ya"
    ],
    [
      0,
      7,
      0.8787,
      "Ya"
    ],
    [
      1,
      2,
      0.8787,
      "Ya"
    ],
    [
      1,
      3,
      1,
      "Ya"
    ],
    [
      1,
      4,
      0.8787,
      "Ya"
    ],
    [
      1,
      5,
      1,
      "Ya"
    ],
    [
      1,
      6,
      0.8787,
      "Ya"
    ],
    [
      1,
      7,
      1,
      "Ya"
    ],
    [
      2,
      3,
      0.8787,
      "Ya"
    ],
    [
      2,
      4,
      1,
      "Ya"
    ],
    [
      2,
      5,
      0.8787,
      "Ya"
    ],
    [
      2,
      6,
      1,
      "Ya"
    ],
    [
      2,
      7,
      0.8787,
      "Ya"
    ],
    [
      3,
      4,
      0.8787,
      "Ya"
    ],
    [
      3,
      5,
      1,
      "Ya"
    ],
    [
      3,
      6,
      0.8787,
      "Ya"
    ],
    [
      3,
      7,
      1,
      "Ya"
    ],
    [
      4,
      5,
      0.8787,
      "Ya"
    ],
    [
      4,
      6,
      1,
      "Ya"
    ],
    [
      4,
      7,
      0.8787,
      "Ya"
    ],
    [
      5,
      6,
      0.8787,
      "Ya"
    ],
    [
      5,
      7,
      1,
      "Ya"
    ],
    [
      6,
      7,
      0.8787,
      "Ya"
    ]
  ],
  "created_at": {
    "$date": "2025-06-08T04:14:32.745Z"
  }
},
{
  "_id": {
    "$oid": "6845122f0bfa07be182336ef"
  },
  "type": "analysis-result",
  "batch_id": "47bb14f9-331f-4247-a3fd-e7c1d5d931ea",
  "filenames": [
    "50421503 (1).docx",
    "50421503 (2).docx"
  ],
  "tfidf": [
    [
      1.0000000000000002,
      0.9100559503779486
    ],
    [
      0.9100559503779486,
      1.0000000000000004
    ]
  ],
  "bert": [
    [
      0.9999998807907104,
      0.9844165444374084
    ],
    [
      0.9844165444374084,
      1.000000238418579
    ]
  ],
  "ngram": [
    [
      1.0000000000000022,
      0.6910569105691062
    ],
    [
      0.6910569105691062,
      1.0000000000000022
    ]
  ],
  "plagiat": [
    [
      0,
      1,
      0.8886,
      "Ya"
    ]
  ],
  "created_at": {
    "$date": "2025-06-08T04:31:43.404Z"
  }
},
{
  "_id": {
    "$oid": "684512390bfa07be182336f2"
  },
  "type": "analysis-result",
  "batch_id": "3e0f25ae-4cbe-4d02-bc23-28a6790bcfd6",
  "filenames": [
    "50421503 (1).docx",
    "50421503 (2).docx"
  ],
  "tfidf": [
    [
      1.0000000000000002,
      0.9100559503779486
    ],
    [
      0.9100559503779486,
      1.0000000000000004
    ]
  ],
  "bert": [
    [
      0.9999998807907104,
      0.9844165444374084
    ],
    [
      0.9844165444374084,
      1.000000238418579
    ]
  ],
  "ngram": [
    [
      1.0000000000000022,
      0.6910569105691062
    ],
    [
      0.6910569105691062,
      1.0000000000000022
    ]
  ],
  "plagiat": [
    [
      0,
      1,
      0.8886,
      "Ya"
    ]
  ],
  "created_at": {
    "$date": "2025-06-08T04:31:53.912Z"
  }
},
{
  "_id": {
    "$oid": "6846b28cad8f0db9e169003f"
  },
  "type": "analysis-result",
  "batch_id": "218152bc-3b05-4bc5-840c-ec49dfde3d7b",
  "filenames": [
    "50421291_LA3 - Copy.docx",
    "50421291_LA3.docx",
    "50421635_LA3 - Copy.docx",
    "50421635_LA3.docx",
    "51421122_LA3.docx",
    "50421282_LA3.pdf",
    "50421291_LA3.pdf",
    "50421503_LA3.pdf",
    "50421568_LA3.pdf",
    "50421635_LA3.pdf",
    "50421654_LA3.pdf",
    "50421844_LA3.pdf",
    "50421882_LA3.pdf",
    "51421093_LA3.pdf",
    "51421122_LA3.pdf",
    "50420055_LA3.pdf"
  ],
  "tfidf": [
    [
      0.9999999999999961,
      0.25391901837516984,
      0.15235213691090052,
      0.14187373782049081,
      0.14678132272000935,
      0.1766738949349139,
      0.2332770415248066,
      0.0796309904496591,
      0.12244587954742545,
      0.1535988994500729,
      0.13388315331209524,
      0.09799014860375596,
      0.10457151122727001,
      0.14508626792990473,
      0.15701143283685365,
      0.05716990502178657
    ],
    [
      0.25391901837516984,
      1.0000000000000004,
      0.46622524815967115,
      0.4586227491018758,
      0.2782233518814946,
      0.49246972570252656,
      0.5457730226422701,
      0.2386644780581312,
      0.36157362327041115,
      0.42124783946943944,
      0.3906537707362171,
      0.27391281064506723,
      0.33753793240404395,
      0.3921308764312294,
      0.34072200825601784,
      0.20568818644696946
    ],
    [
      0.15235213691090052,
      0.46622524815967115,
      1.0000000000000004,
      0.8389553986869189,
      0.18735832171302993,
      0.5750300274101033,
      0.333507984849093,
      0.28237912218804173,
      0.41597525776421407,
      0.784381803478374,
      0.48026268290219043,
      0.30610093750794753,
      0.4906645928957059,
      0.43983206506927985,
      0.29240609648320876,
      0.20188143728859784
    ],
    [
      0.14187373782049081,
      0.4586227491018758,
      0.8389553986869189,
      1.0000000000000002,
      0.19537974514229559,
      0.5394232295646961,
      0.3178204573750983,
      0.2904264377878921,
      0.4292395691314942,
      0.8669112266243292,
      0.44344854905971376,
      0.31976490745403036,
      0.5116120485976102,
      0.43685122018022127,
      0.2884995659215568,
      0.19078094474515553
    ],
    [
      0.14678132272000935,
      0.2782233518814946,
      0.18735832171302993,
      0.19537974514229559,
      1.0000000000000004,
      0.24875161528760834,
      0.34351946733633965,
      0.25080907139862474,
      0.22488226551140073,
      0.21836161578788107,
      0.2129381244944937,
      0.13054484852639078,
      0.21898193822528647,
      0.24934163507004842,
      0.7136020409171943,
      0.18009514729839635
    ],
    [
      0.1766738949349139,
      0.49246972570252656,
      0.5750300274101033,
      0.5394232295646961,
      0.24875161528760834,
      1,
      0.39150034120298155,
      0.3738613318296578,
      0.45882795055318965,
      0.5575792780893917,
      0.6351974833515052,
      0.4126056022339345,
      0.47474708725006093,
      0.45443091844045536,
      0.3324420499077061,
      0.2732467940867262
    ],
    [
      0.2332770415248066,
      0.5457730226422701,
      0.333507984849093,
      0.3178204573750983,
      0.34351946733633965,
      0.39150034120298155,
      1,
      0.13496003838164816,
      0.34019880768168725,
      0.3197701591981133,
      0.36962559002867756,
      0.23628735150533328,
      0.23785452967345372,
      0.2839034244001865,
      0.3800959868584778,
      0.2506913542807112
    ],
    [
      0.0796309904496591,
      0.2386644780581312,
      0.28237912218804173,
      0.2904264377878921,
      0.25080907139862474,
      0.3738613318296578,
      0.13496003838164816,
      1.0000000000000018,
      0.2985588192867216,
      0.34183909123726774,
      0.2980721804876197,
      0.19819489956627884,
      0.3408942585468307,
      0.3159337020574764,
      0.28775026735808257,
      0.181404052649167
    ],
    [
      0.12244587954742545,
      0.36157362327041115,
      0.41597525776421407,
      0.4292395691314942,
      0.22488226551140073,
      0.45882795055318965,
      0.34019880768168725,
      0.2985588192867216,
      0.9999999999999999,
      0.45668288521807776,
      0.35536993649032644,
      0.34848131051463704,
      0.33798683593090423,
      0.42056877126752,
      0.22626380059592485,
      0.3316506693354333
    ],
    [
      0.1535988994500729,
      0.42124783946943944,
      0.784381803478374,
      0.8669112266243292,
      0.21836161578788107,
      0.5575792780893917,
      0.3197701591981133,
      0.34183909123726774,
      0.45668288521807776,
      0.9999999999999996,
      0.45853682359245845,
      0.30488648177693706,
      0.5101651601098136,
      0.4356644292497857,
      0.32094903747723974,
      0.20764248258756662
    ],
    [
      0.13388315331209524,
      0.3906537707362171,
      0.48026268290219043,
      0.44344854905971376,
      0.2129381244944937,
      0.6351974833515052,
      0.36962559002867756,
      0.2980721804876197,
      0.35536993649032644,
      0.45853682359245845,
      1,
      0.31524334364558065,
      0.3752953974652663,
      0.360376241253452,
      0.2723048081404621,
      0.19151945067766002
    ],
    [
      0.09799014860375596,
      0.27391281064506723,
      0.30610093750794753,
      0.31976490745403036,
      0.13054484852639078,
      0.4126056022339345,
      0.23628735150533328,
      0.19819489956627884,
      0.34848131051463704,
      0.30488648177693706,
      0.31524334364558065,
      0.9999999999999999,
      0.3454367015836486,
      0.4929950955640337,
      0.17165634007249467,
      0.21413320377433856
    ],
    [
      0.10457151122727001,
      0.33753793240404395,
      0.4906645928957059,
      0.5116120485976102,
      0.21898193822528647,
      0.47474708725006093,
      0.23785452967345372,
      0.3408942585468307,
      0.33798683593090423,
      0.5101651601098136,
      0.3752953974652663,
      0.3454367015836486,
      0.999999999999999,
      0.4750281665877883,
      0.23778517061208876,
      0.1576053753714504
    ],
    [
      0.14508626792990473,
      0.3921308764312294,
      0.43983206506927985,
      0.43685122018022127,
      0.24934163507004842,
      0.45443091844045536,
      0.2839034244001865,
      0.3159337020574764,
      0.42056877126752,
      0.4356644292497857,
      0.360376241253452,
      0.4929950955640337,
      0.4750281665877883,
      0.9999999999999996,
      0.3023732172061663,
      0.21739129168840043
    ],
    [
      0.15701143283685365,
      0.34072200825601784,
      0.29240609648320876,
      0.2884995659215568,
      0.7136020409171943,
      0.3324420499077061,
      0.3800959868584778,
      0.28775026735808257,
      0.22626380059592485,
      0.32094903747723974,
      0.2723048081404621,
      0.17165634007249467,
      0.23778517061208876,
      0.3023732172061663,
      0.9999999999999997,
      0.23623566630207868
    ],
    [
      0.05716990502178657,
      0.20568818644696946,
      0.20188143728859784,
      0.19078094474515553,
      0.18009514729839635,
      0.2732467940867262,
      0.2506913542807112,
      0.181404052649167,
      0.3316506693354333,
      0.20764248258756662,
      0.19151945067766002,
      0.21413320377433856,
      0.1576053753714504,
      0.21739129168840043,
      0.23623566630207868,
      1.0000000000000002
    ]
  ],
  "bert": [
    [
      1.0000001192092896,
      0.8179001808166504,
      0.7470340132713318,
      0.7085559368133545,
      0.8191550970077515,
      0.7430869340896606,
      0.8718835115432739,
      0.7915928363800049,
      0.6185640096664429,
      0.7254141569137573,
      0.6981315016746521,
      0.4917657971382141,
      0.7603815197944641,
      0.637781023979187,
      0.8204836845397949,
      0.691042423248291
    ],
    [
      0.8179001808166504,
      1.0000001192092896,
      0.8158872723579407,
      0.7913426756858826,
      0.7579663395881653,
      0.8027870655059814,
      0.8266067504882812,
      0.7632387280464172,
      0.7224411964416504,
      0.8022516965866089,
      0.7614892721176147,
      0.6218924522399902,
      0.7843875885009766,
      0.7047122716903687,
      0.7725392580032349,
      0.734513521194458
    ],
    [
      0.7470340132713318,
      0.8158872723579407,
      0.9999998211860657,
      0.8702646493911743,
      0.7935268878936768,
      0.8786125779151917,
      0.8067076206207275,
      0.7756544351577759,
      0.8056997060775757,
      0.8941836953163147,
      0.8216862678527832,
      0.7180504202842712,
      0.8769837617874146,
      0.7556917667388916,
      0.8107877969741821,
      0.8185387849807739
    ],
    [
      0.7085559368133545,
      0.7913426756858826,
      0.8702646493911743,
      1,
      0.782217264175415,
      0.8444217443466187,
      0.7846530675888062,
      0.7449537515640259,
      0.7846441268920898,
      0.8634069561958313,
      0.8041990399360657,
      0.7208853960037231,
      0.8466830253601074,
      0.7597301602363586,
      0.7918033003807068,
      0.827526330947876
    ],
    [
      0.8191550970077515,
      0.7579663395881653,
      0.7935268878936768,
      0.782217264175415,
      0.9999997615814209,
      0.7797404527664185,
      0.909124493598938,
      0.7055909633636475,
      0.7467612028121948,
      0.7916086316108704,
      0.7699607610702515,
      0.5435454249382019,
      0.8414891362190247,
      0.7275298833847046,
      0.9746643304824829,
      0.7263498306274414
    ],
    [
      0.7430869340896606,
      0.8027870655059814,
      0.8786125779151917,
      0.8444217443466187,
      0.7797404527664185,
      0.9999997615814209,
      0.8318573236465454,
      0.8014429807662964,
      0.8770735263824463,
      0.9011142253875732,
      0.8074469566345215,
      0.7852940559387207,
      0.8110037446022034,
      0.8347433805465698,
      0.8069194555282593,
      0.8734731078147888
    ],
    [
      0.8718835115432739,
      0.8266067504882812,
      0.8067076206207275,
      0.7846530675888062,
      0.909124493598938,
      0.8318573236465454,
      0.9999999403953552,
      0.7511727809906006,
      0.7512326836585999,
      0.7799166440963745,
      0.7881779670715332,
      0.57503342628479,
      0.7874646186828613,
      0.7157630324363708,
      0.9210314750671387,
      0.7519798278808594
    ],
    [
      0.7915928363800049,
      0.7632387280464172,
      0.7756544351577759,
      0.7449537515640259,
      0.7055909633636475,
      0.8014429807662964,
      0.7511727809906006,
      0.9999998807907104,
      0.6986722350120544,
      0.7979651689529419,
      0.7446280121803284,
      0.6430157423019409,
      0.7653247117996216,
      0.6820459365844727,
      0.7489302158355713,
      0.7662116289138794
    ],
    [
      0.6185640096664429,
      0.7224411964416504,
      0.8056997060775757,
      0.7846441268920898,
      0.7467612028121948,
      0.8770735263824463,
      0.7512326836585999,
      0.6986722350120544,
      0.9999998807907104,
      0.8775154948234558,
      0.7545318603515625,
      0.7802641987800598,
      0.7584437131881714,
      0.8056703209877014,
      0.7859074473381042,
      0.8296531438827515
    ],
    [
      0.7254141569137573,
      0.8022516965866089,
      0.8941836953163147,
      0.8634069561958313,
      0.7916086316108704,
      0.9011142253875732,
      0.7799166440963745,
      0.7979651689529419,
      0.8775154948234558,
      0.9999998807907104,
      0.7786401510238647,
      0.7441121339797974,
      0.8830215930938721,
      0.7988932132720947,
      0.8292626738548279,
      0.8335718512535095
    ],
    [
      0.6981315016746521,
      0.7614892721176147,
      0.8216862678527832,
      0.8041990399360657,
      0.7699607610702515,
      0.8074469566345215,
      0.7881779670715332,
      0.7446280121803284,
      0.7545318603515625,
      0.7786401510238647,
      0.9999999403953552,
      0.6957587599754333,
      0.7891794443130493,
      0.7401548624038696,
      0.7799255847930908,
      0.8121894001960754
    ],
    [
      0.4917657971382141,
      0.6218924522399902,
      0.7180504202842712,
      0.7208853960037231,
      0.5435454249382019,
      0.7852940559387207,
      0.57503342628479,
      0.6430157423019409,
      0.7802641987800598,
      0.7441121339797974,
      0.6957587599754333,
      1,
      0.6049771308898926,
      0.7729008793830872,
      0.5717822313308716,
      0.8551539182662964
    ],
    [
      0.7603815197944641,
      0.7843875885009766,
      0.8769837617874146,
      0.8466830253601074,
      0.8414891362190247,
      0.8110037446022034,
      0.7874646186828613,
      0.7653247117996216,
      0.7584437131881714,
      0.8830215930938721,
      0.7891794443130493,
      0.6049771308898926,
      0.9999997615814209,
      0.7220757007598877,
      0.837777853012085,
      0.762424111366272
    ],
    [
      0.637781023979187,
      0.7047122716903687,
      0.7556917667388916,
      0.7597301602363586,
      0.7275298833847046,
      0.8347433805465698,
      0.7157630324363708,
      0.6820459365844727,
      0.8056703209877014,
      0.7988932132720947,
      0.7401548624038696,
      0.7729008793830872,
      0.7220757007598877,
      0.9999998807907104,
      0.7522784471511841,
      0.8074550032615662
    ],
    [
      0.8204836845397949,
      0.7725392580032349,
      0.8107877969741821,
      0.7918033003807068,
      0.9746643304824829,
      0.8069194555282593,
      0.9210314750671387,
      0.7489302158355713,
      0.7859074473381042,
      0.8292626738548279,
      0.7799255847930908,
      0.5717822313308716,
      0.837777853012085,
      0.7522784471511841,
      0.9999998807907104,
      0.7276691198348999
    ],
    [
      0.691042423248291,
      0.734513521194458,
      0.8185387849807739,
      0.827526330947876,
      0.7263498306274414,
      0.8734731078147888,
      0.7519798278808594,
      0.7662116289138794,
      0.8296531438827515,
      0.8335718512535095,
      0.8121894001960754,
      0.8551539182662964,
      0.762424111366272,
      0.8074550032615662,
      0.7276691198348999,
      1.0000003576278687
    ]
  ],
  "ngram": [
    [
      1.0000000000000016,
      0,
      0,
      0,
      0,
      0,
      0,
      0,
      0,
      0,
      0,
      0,
      0,
      0,
      0,
      0
    ],
    [
      0,
      0.9999999999999987,
      0,
      0,
      0,
      0,
      0.007937257901823714,
      0,
      0,
      0,
      0,
      0,
      0,
      0,
      0,
      0
    ],
    [
      0,
      0,
      0.9999999999999999,
      0.3969252373702717,
      0,
      0.01368707715069901,
      0,
      0,
      0,
      0.4583297852877643,
      0.01620668915175276,
      0,
      0.016551550947816518,
      0.01176714914274736,
      0.0041378877369541295,
      0
    ],
    [
      0,
      0,
      0.3969252373702717,
      0.9999999999999973,
      0,
      0.014705882352941173,
      0,
      0,
      0,
      0.6282929400004751,
      0.00870652153751439,
      0.016205093088804107,
      0.017783574850739465,
      0,
      0.004445893712684866,
      0
    ],
    [
      0,
      0,
      0,
      0,
      0.9999999999999979,
      0,
      0.11151568782941551,
      0,
      0,
      0,
      0,
      0,
      0,
      0,
      0.12589150390970077,
      0
    ],
    [
      0,
      0,
      0.01368707715069901,
      0.014705882352941173,
      0,
      0.9999999999999973,
      0,
      0,
      0,
      0.01698089027028311,
      0.026119564612543174,
      0.016205093088804107,
      0.0800260868283276,
      0.006321521717802169,
      0,
      0
    ],
    [
      0,
      0.007937257901823714,
      0,
      0,
      0.11151568782941551,
      0,
      1.0000000000000013,
      0,
      0,
      0,
      0,
      0,
      0.019684619845249753,
      0,
      0.07381732441968657,
      0
    ],
    [
      0,
      0,
      0,
      0,
      0,
      0,
      0,
      1.0000000000000022,
      0,
      0,
      0,
      0,
      0.009349878557553573,
      0,
      0,
      0
    ],
    [
      0,
      0,
      0,
      0,
      0,
      0,
      0,
      0,
      0.9999999999999976,
      0,
      0,
      0,
      0,
      0,
      0,
      0
    ],
    [
      0,
      0,
      0.4583297852877643,
      0.6282929400004751,
      0,
      0.01698089027028311,
      0,
      0,
      0,
      0.9999999999999987,
      0.010053425106778417,
      0.009356014857063997,
      0.02053470345445658,
      0,
      0.005133675863614145,
      0
    ],
    [
      0,
      0,
      0.01620668915175276,
      0.00870652153751439,
      0,
      0.026119564612543174,
      0,
      0,
      0,
      0.010053425106778417,
      0.9999999999999987,
      0,
      0.03158594780020034,
      0.007485231238083701,
      0,
      0
    ],
    [
      0,
      0,
      0,
      0.016205093088804107,
      0,
      0.016205093088804107,
      0,
      0,
      0,
      0.009356014857063997,
      0,
      0.9999999999999988,
      0.009798272520870255,
      0.01393195531438382,
      0,
      0
    ],
    [
      0,
      0,
      0.016551550947816518,
      0.017783574850739465,
      0,
      0.0800260868283276,
      0.019684619845249753,
      0.009349878557553573,
      0,
      0.02053470345445658,
      0.03158594780020034,
      0.009798272520870255,
      0.9999999999999993,
      0.038222546577297414,
      0,
      0
    ],
    [
      0,
      0,
      0.01176714914274736,
      0,
      0,
      0.006321521717802169,
      0,
      0,
      0,
      0,
      0.007485231238083701,
      0.01393195531438382,
      0.038222546577297414,
      1.000000000000003,
      0,
      0
    ],
    [
      0,
      0,
      0.0041378877369541295,
      0.004445893712684866,
      0.12589150390970077,
      0,
      0.07381732441968657,
      0,
      0,
      0.005133675863614145,
      0,
      0,
      0,
      0,
      0.9999999999999992,
      0
    ],
    [
      0,
      0,
      0,
      0,
      0,
      0,
      0,
      0,
      0,
      0,
      0,
      0,
      0,
      0,
      0,
      1.000000000000001
    ]
  ],
  "plagiat": [
    [
      0,
      1,
      0.3723,
      "Tidak"
    ],
    [
      0,
      2,
      0.3003,
      "Tidak"
    ],
    [
      0,
      3,
      0.2835,
      "Tidak"
    ],
    [
      0,
      4,
      0.3191,
      "Tidak"
    ],
    [
      0,
      5,
      0.3113,
      "Tidak"
    ],
    [
      0,
      6,
      0.3782,
      "Tidak"
    ],
    [
      0,
      7,
      0.2773,
      "Tidak"
    ],
    [
      0,
      8,
      0.2468,
      "Tidak"
    ],
    [
      0,
      9,
      0.2944,
      "Tidak"
    ],
    [
      0,
      10,
      0.2764,
      "Tidak"
    ],
    [
      0,
      11,
      0.1965,
      "Tidak"
    ],
    [
      0,
      12,
      0.2804,
      "Tidak"
    ],
    [
      0,
      13,
      0.2639,
      "Tidak"
    ],
    [
      0,
      14,
      0.3247,
      "Tidak"
    ],
    [
      0,
      15,
      0.2359,
      "Tidak"
    ],
    [
      1,
      2,
      0.4779,
      "Tidak"
    ],
    [
      1,
      3,
      0.4667,
      "Tidak"
    ],
    [
      1,
      4,
      0.3665,
      "Tidak"
    ],
    [
      1,
      5,
      0.4871,
      "Tidak"
    ],
    [
      1,
      6,
      0.5225,
      "Tidak"
    ],
    [
      1,
      7,
      0.3483,
      "Tidak"
    ],
    [
      1,
      8,
      0.3975,
      "Tidak"
    ],
    [
      1,
      9,
      0.4513,
      "Tidak"
    ],
    [
      1,
      10,
      0.4238,
      "Tidak"
    ],
    [
      1,
      11,
      0.3235,
      "Tidak"
    ],
    [
      1,
      12,
      0.4041,
      "Tidak"
    ],
    [
      1,
      13,
      0.4075,
      "Tidak"
    ],
    [
      1,
      14,
      0.4021,
      "Tidak"
    ],
    [
      1,
      15,
      0.3232,
      "Tidak"
    ],
    [
      2,
      3,
      0.7599,
      "Ya"
    ],
    [
      2,
      4,
      0.3317,
      "Tidak"
    ],
    [
      2,
      5,
      0.5538,
      "Tidak"
    ],
    [
      2,
      6,
      0.4088,
      "Tidak"
    ],
    [
      2,
      7,
      0.3739,
      "Tidak"
    ],
    [
      2,
      8,
      0.4497,
      "Tidak"
    ],
    [
      2,
      9,
      0.7521,
      "Ya"
    ],
    [
      2,
      10,
      0.4899,
      "Tidak"
    ],
    [
      2,
      11,
      0.3685,
      "Tidak"
    ],
    [
      2,
      12,
      0.5117,
      "Tidak"
    ],
    [
      2,
      13,
      0.449,
      "Tidak"
    ],
    [
      2,
      14,
      0.3903,
      "Tidak"
    ],
    [
      2,
      15,
      0.3465,
      "Tidak"
    ],
    [
      3,
      4,
      0.3324,
      "Tidak"
    ],
    [
      3,
      5,
      0.526,
      "Tidak"
    ],
    [
      3,
      6,
      0.3943,
      "Tidak"
    ],
    [
      3,
      7,
      0.3687,
      "Tidak"
    ],
    [
      3,
      8,
      0.45,
      "Tidak"
    ],
    [
      3,
      9,
      0.8181,
      "Ya"
    ],
    [
      3,
      10,
      0.4647,
      "Tidak"
    ],
    [
      3,
      11,
      0.3794,
      "Tidak"
    ],
    [
      3,
      12,
      0.5134,
      "Tidak"
    ],
    [
      3,
      13,
      0.4463,
      "Tidak"
    ],
    [
      3,
      14,
      0.3827,
      "Tidak"
    ],
    [
      3,
      15,
      0.3436,
      "Tidak"
    ],
    [
      4,
      5,
      0.3583,
      "Tidak"
    ],
    [
      4,
      6,
      0.4668,
      "Tidak"
    ],
    [
      4,
      7,
      0.3371,
      "Tidak"
    ],
    [
      4,
      8,
      0.3365,
      "Tidak"
    ],
    [
      4,
      9,
      0.3467,
      "Tidak"
    ],
    [
      4,
      10,
      0.3375,
      "Tidak"
    ],
    [
      4,
      11,
      0.2283,
      "Tidak"
    ],
    [
      4,
      12,
      0.3619,
      "Tidak"
    ],
    [
      4,
      13,
      0.3429,
      "Tidak"
    ],
    [
      4,
      14,
      0.6744,
      "Tidak"
    ],
    [
      4,
      15,
      0.308,
      "Tidak"
    ],
    [
      5,
      6,
      0.4453,
      "Tidak"
    ],
    [
      5,
      7,
      0.4274,
      "Tidak"
    ],
    [
      5,
      8,
      0.4925,
      "Tidak"
    ],
    [
      5,
      9,
      0.5525,
      "Tidak"
    ],
    [
      5,
      10,
      0.5651,
      "Tidak"
    ],
    [
      5,
      11,
      0.4451,
      "Tidak"
    ],
    [
      5,
      12,
      0.4967,
      "Tidak"
    ],
    [
      5,
      13,
      0.4789,
      "Tidak"
    ],
    [
      5,
      14,
      0.4083,
      "Tidak"
    ],
    [
      5,
      15,
      0.3987,
      "Tidak"
    ],
    [
      6,
      7,
      0.2928,
      "Tidak"
    ],
    [
      6,
      8,
      0.3955,
      "Tidak"
    ],
    [
      6,
      9,
      0.3939,
      "Tidak"
    ],
    [
      6,
      10,
      0.4213,
      "Tidak"
    ],
    [
      6,
      11,
      0.2907,
      "Tidak"
    ],
    [
      6,
      12,
      0.3591,
      "Tidak"
    ],
    [
      6,
      13,
      0.3567,
      "Tidak"
    ],
    [
      6,
      14,
      0.4811,
      "Tidak"
    ],
    [
      6,
      15,
      0.3509,
      "Tidak"
    ],
    [
      7,
      8,
      0.3589,
      "Tidak"
    ],
    [
      7,
      9,
      0.4103,
      "Tidak"
    ],
    [
      7,
      10,
      0.3724,
      "Tidak"
    ],
    [
      7,
      11,
      0.292,
      "Tidak"
    ],
    [
      7,
      12,
      0.4019,
      "Tidak"
    ],
    [
      7,
      13,
      0.3626,
      "Tidak"
    ],
    [
      7,
      14,
      0.3686,
      "Tidak"
    ],
    [
      7,
      15,
      0.3206,
      "Tidak"
    ],
    [
      8,
      9,
      0.4916,
      "Tidak"
    ],
    [
      8,
      10,
      0.404,
      "Tidak"
    ],
    [
      8,
      11,
      0.4083,
      "Tidak"
    ],
    [
      8,
      12,
      0.3965,
      "Tidak"
    ],
    [
      8,
      13,
      0.452,
      "Tidak"
    ],
    [
      8,
      14,
      0.3489,
      "Tidak"
    ],
    [
      8,
      15,
      0.4147,
      "Tidak"
    ],
    [
      9,
      10,
      0.4649,
      "Tidak"
    ],
    [
      9,
